{
  "refs": [
    {
      "id": "kiyohara_4626448",
      "src": "清原_推しぬい",
      "copy": "「推しぬい」にwawaちゃん仲間入り！",
      "cost": 1076,
      "url": "https://cdn.kashika-20mile.com/dpro-analytics/x/image/C8ix2YH5Z8Y.webp",
      "lp": "https://www.kiyohara.co.jp/store/product/brand/oshinui",
      "app": "X",
      "local_path": "/Users/ca01224/Desktop/一進VOYAGE号/banner-park/output/ameru/reference/refs/kiyohara_4626448.webp",
      "cluster_image": 1,
      "cluster_multi": 2
    },
    {
      "id": "jibun_7390090",
      "src": "じぶんぐるみ",
      "copy": "オーダーメイドぬいぐるみ🌟",
      "cost": 49600,
      "url": "https://assets.douga-pro.com/yahoo/Vb3qQpGavpr/thumbnail.webp",
      "lp": "https://jibungurumi.com/",
      "app": "Yahoo",
      "local_path": "/Users/ca01224/Desktop/一進VOYAGE号/banner-park/output/ameru/reference/refs/jibun_7390090.webp",
      "cluster_image": 1,
      "cluster_multi": 1
    },
    {
      "id": "jibun_5467081",
      "src": "じぶんぐるみ",
      "copy": "334億の顔からお好きな顔で作れます",
      "cost": 29600,
      "url": "https://assets.douga-pro.com/yahoo/XdYEHiaHUCN/thumbnail.webp",
      "lp": "https://jibungurumi.com/",
      "app": "Yahoo",
      "local_path": "/Users/ca01224/Desktop/一進VOYAGE号/banner-park/output/ameru/reference/refs/jibun_5467081.webp",
      "cluster_image": 1,
      "cluster_multi": 1
    },
    {
      "id": "moin_12530536",
      "src": "moin_moin_ドールハウス",
      "copy": "なんかこれ見てると泣きそうになる。(pr)",
      "cost": 267776,
      "url": "https://assets.douga-pro.com/x/2005279586293293500/thumbnail.webp",
      "lp": "https://www.amazon.co.jp/moin",
      "app": "X",
      "local_path": "/Users/ca01224/Desktop/一進VOYAGE号/banner-park/output/ameru/reference/refs/moin_12530536.webp",
      "cluster_image": 1,
      "cluster_multi": 2
    },
    {
      "id": "moin_12525835",
      "src": "moin_moin_ドールハウス",
      "copy": "エモすぎて、視界がバグる。(pr)",
      "cost": 5868,
      "url": "https://assets.douga-pro.com/x/2005279215432892595/thumbnail.webp",
      "lp": "https://www.amazon.co.jp/moin",
      "app": "X",
      "local_path": "/Users/ca01224/Desktop/一進VOYAGE号/banner-park/output/ameru/reference/refs/moin_12525835.webp",
      "cluster_image": 1,
      "cluster_multi": 2
    },
    {
      "id": "omonui_3095988",
      "src": "おもぬい_癒し2kg",
      "copy": "オトナだってもふもふに癒されたい！",
      "cost": 140424,
      "url": "https://cdn.kashika-20mile.com/dpro-analytics/instagram/image/F2eGodUMMxx.webp",
      "lp": "https://www.prairiedog.com/omonui/",
      "app": "Instagram",
      "local_path": "/Users/ca01224/Desktop/一進VOYAGE号/banner-park/output/ameru/reference/refs/omonui_3095988.webp",
      "cluster_image": 1,
      "cluster_multi": 2
    },
    {
      "id": "adada_7653349",
      "src": "ADADA_パリデザイン",
      "copy": "フランス製の生地、パリでデザインされた一生ものの贈り物",
      "cost": 13986,
      "url": "https://assets.douga-pro.com/instagram/DMP587VATg4/thumbnail.webp",
      "lp": "https://adadastore.com/ja/collections/sale",
      "app": "Instagram",
      "local_path": "/Users/ca01224/Desktop/一進VOYAGE号/banner-park/output/ameru/reference/refs/adada_7653349.webp",
      "cluster_image": 2,
      "cluster_multi": 1
    },
    {
      "id": "atsuo_9418313",
      "src": "あつお_ご当地キャラ",
      "copy": "厚木の非公式キャラ『あつお』でし",
      "cost": 3576,
      "url": "https://ad.line-scdn.net/0hEQUna69TGn5oFwTPLMVlKThHEQ9beg19CG8HQ01ULBE9JSJeHSwHbipTLBExew9jVDEHbSVLETtFfSZ3MHkpfhBKFkwuZyFOCSoqfjFRODwuZjxNJA/m1080x1080?id=4-7594793497891&streamingApp=NEWS",
      "lp": "https://tirami-su.com/atsuo-hikoushiki/",
      "app": "LAP",
      "local_path": "/Users/ca01224/Desktop/一進VOYAGE号/banner-park/output/ameru/reference/refs/atsuo_9418313.jpg",
      "cluster_image": 3,
      "cluster_multi": 2
    },
    {
      "id": "yuzawaya_11228259",
      "src": "ユザワヤ_あみぐるみキット",
      "copy": "Enjoy Craft あみぐるみキット ひよこ",
      "cost": 92,
      "url": "https://df-thumbnail.smartnews-ads.com/?url=https%3A%2F%2Fgd.image-qoo10.jp%2Fli%2F941%2F884%2F7727884941.g_400-w-st_g.jpg&w=300&h=300&u=1&id=b01df71bc3487ba6c7fadae42319566b",
      "lp": "https://www.qoo10.jp/g/1177963944",
      "app": "SmartNews",
      "local_path": "/Users/ca01224/Desktop/一進VOYAGE号/banner-park/output/ameru/reference/refs/yuzawaya_11228259.jpg",
      "cluster_image": 1,
      "cluster_multi": 3
    },
    {
      "id": "yuzurand_17168632",
      "src": "yuzurand_スクイーズ手作りキット",
      "copy": "スクイーズ手作りキット",
      "cost": 92,
      "url": "https://df-thumbnail.smartnews-ads.com/?url=https%3A%2F%2Ftshop.r10s.jp%2Fyuzurand%2Fcabinet%2F11259495%2Fcw152_1.jpg%3Ffitin%3D300%3A300&w=300&h=300&u=1&id=03f47c2bce4d889b63a1e0bc21d51715",
      "lp": "https://item.rakuten.co.jp/yuzurand/cw152/",
      "app": "SmartNews",
      "local_path": "/Users/ca01224/Desktop/一進VOYAGE号/banner-park/output/ameru/reference/refs/yuzurand_17168632.jpg",
      "cluster_image": 1,
      "cluster_multi": 2
    }
  ],
  "similarity_matrix_image": [
    [
      0.9999999999999998,
      0.7168687388115947,
      0.6622044604398832,
      0.6598104192216216,
      0.6654252397929125,
      0.7349847239861141,
      0.5851085456719738,
      0.5477274447302345,
      0.7063072219006292,
      0.7154264837161162
    ],
    [
      0.7168687388115947,
      1.0,
      0.7574553865491569,
      0.6522297640266933,
      0.6364291821168612,
      0.6835227336299555,
      0.5707736884265334,
      0.5179861751660624,
      0.6942900671974759,
      0.6584899760532755
    ],
    [
      0.6622044604398832,
      0.7574553865491569,
      0.9999999999999999,
      0.6421349333329673,
      0.6207576567958265,
      0.6214086543716689,
      0.5635226163066295,
      0.519283917409808,
      0.6739472716495749,
      0.5720067326477043
    ],
    [
      0.6598104192216216,
      0.6522297640266933,
      0.6421349333329673,
      0.9999999999999997,
      0.8950990010728141,
      0.6383320444204494,
      0.529105947654754,
      0.4730383322911941,
      0.6638416054721417,
      0.6666109821290177
    ],
    [
      0.6654252397929125,
      0.6364291821168612,
      0.6207576567958265,
      0.8950990010728141,
      0.9999999999999997,
      0.6536265634204491,
      0.5418979436219359,
      0.46318569098338497,
      0.6554544599737002,
      0.6473992536153519
    ],
    [
      0.7349847239861141,
      0.6835227336299555,
      0.6214086543716689,
      0.6383320444204494,
      0.6536265634204491,
      1.0,
      0.5922078995252654,
      0.5514577851382796,
      0.7028754538973977,
      0.6749186627164914
    ],
    [
      0.5851085456719738,
      0.5707736884265334,
      0.5635226163066295,
      0.529105947654754,
      0.5418979436219359,
      0.5922078995252654,
      1.0,
      0.5481902408483337,
      0.5859807730079507,
      0.5226924621950336
    ],
    [
      0.5477274447302345,
      0.5179861751660624,
      0.519283917409808,
      0.4730383322911941,
      0.46318569098338497,
      0.5514577851382796,
      0.5481902408483337,
      1.0000000000000002,
      0.5526085719954821,
      0.527280668548452
    ],
    [
      0.7063072219006292,
      0.6942900671974759,
      0.6739472716495749,
      0.6638416054721417,
      0.6554544599737002,
      0.7028754538973977,
      0.5859807730079507,
      0.5526085719954821,
      0.9999999999999998,
      0.6564611365386159
    ],
    [
      0.7154264837161162,
      0.6584899760532755,
      0.5720067326477043,
      0.6666109821290177,
      0.6473992536153519,
      0.6749186627164914,
      0.5226924621950336,
      0.527280668548452,
      0.6564611365386159,
      1.0000000000000007
    ]
  ],
  "ids": [
    "kiyohara_4626448",
    "jibun_7390090",
    "jibun_5467081",
    "moin_12530536",
    "moin_12525835",
    "omonui_3095988",
    "adada_7653349",
    "atsuo_9418313",
    "yuzawaya_11228259",
    "yuzurand_17168632"
  ]
}